# Number of parameters = 1  Objective function value = 71.8398  Maximum gradient component = 1.13052e-005
# logSdLam:
 -0.449865
# biom:
 7.75264 8.97888 4.11339
 7.81537 8.95771 4.94499
 7.87809 8.93654 5.77659
 7.94081 8.91537 6.60819
 8.46878 8.68717 6.39366
 8.99674 8.45897 6.17912
 9.52470 8.23077 5.96458
 9.54729 8.85950 6.15630
 9.56989 9.48822 6.34802
 9.59248 10.1169 6.53974
 9.71373 10.1177 6.32021
 9.83497 10.1185 6.10069
 9.95622 10.1193 5.88117
 10.0388 10.0088 6.80534
 10.1213 9.89822 7.72951
 10.2039 9.78767 8.65368
 10.5828 9.97763 8.88844
 10.9618 10.1676 9.12319
 11.2003 10.3576 9.25460
 11.4388 10.5475 9.38600
 11.2160 10.5330 9.30220
 10.9932 10.5184 9.21840
 11.0434 10.9302 8.50406
 11.0937 11.3420 7.78971
 10.9074 10.5603 8.11422
 10.7210 9.77857 8.43872
 10.7107 9.99667 8.24636
 10.7003 10.2148 8.05400
 10.8272 10.7949 7.91514
 10.9542 11.3750 7.77628
 11.0564 10.9237 7.54054
 11.1587 10.4724 7.30480
 10.8006 10.3012 6.83637
 10.4426 10.1299 6.36793
 10.1381 9.64563 5.89950
 9.83368 9.16138 5.43107
 9.64619 9.50155 5.33645
 9.45869 9.84173 5.24184
