# Number of parameters = 1  Objective function value = 60.2120  Maximum gradient component = 8.35053e-007
# logSdLam:
 -0.611989
# biom:
 7.66858 8.97654 4.16659
 7.66656 8.95003 4.85622
 7.66454 8.92353 5.54584
 7.66252 8.89703 6.23546
 8.18386 8.67007 6.06356
 8.70520 8.44311 5.89166
 9.22653 8.21615 5.71976
 9.12034 8.82114 5.54525
 9.01414 9.42613 5.37073
 8.90794 10.0311 5.19622
 8.68941 10.0157 5.25562
 8.47087 10.0004 5.31501
 8.25234 9.98496 5.37441
 8.72950 9.89005 5.33293
 9.20665 9.79513 5.29144
 9.68381 9.70022 5.24996
 9.99421 9.90848 5.24414
 10.3046 10.1167 5.23832
 10.5299 10.3250 4.90713
 10.7552 10.5333 4.57594
 10.3145 10.4820 4.39321
 9.87376 10.4307 4.21047
 10.0207 10.8217 4.38781
 10.1677 11.2126 4.56514
 9.77063 10.5046 4.84603
 9.37352 9.79663 5.12692
 9.50950 10.0116 5.17039
 9.64547 10.2266 5.21385
 9.73886 10.7463 5.25732
 9.83225 11.2661 5.30078
 9.85989 10.8710 5.32223
 9.88753 10.4758 5.34368
 10.0082 10.2931 5.28626
 10.1288 10.1103 5.22884
 9.83035 9.62577 5.17142
 9.53191 9.14119 5.11400
 9.53191 9.14119 5.11400
