yrs_srv
 1984 1987 1990 1993 1996 1999 2001 2003 2005 2007 2009 2011 2013 2015 2017 2019
srv_est_TOT
 10142.9 10106.9 18947.4 33644.9 28478 31743 31765.4 98743.8 47938.7 162759 27879.8 41093 160384 51916.4 53978.4 22014
yrs
 1984 1985 1986 1987 1988 1989 1990 1991 1992 1993 1994 1995 1996 1997 1998 1999 2000 2001 2002 2003 2004 2005 2006 2007 2008 2009 2010 2011 2012 2013 2014 2015 2016 2017 2018 2019
biom_TOT
 10119.7 9972.41 9894.15 9948.03 9838.3 11040.2 14173.2 16174.4 20844.8 30299.7 28511.7 27014.7 25752.8 26123.1 28106.9 32565.9 42189.2 54815.6 68048.3 84533.3 65915.7 53358.6 72679.4 100266 54134.9 29910.6 35943.7 43260.8 63630.9 97010.8 71996.5 55339.8 51935.2 49843.5 33916.2 23288.6
SD_biom_TOT
 0.196897 0.396124 0.39887 0.231563 0.359102 0.365774 0.286636 0.366899 0.352811 0.18906 0.41906 0.483274 0.434958 0.457675 0.372394 0.135065 0.336928 0.334872 0.342955 0.184714 0.304138 0.156733 0.332274 0.263759 0.323742 0.115482 0.306457 0.191944 0.356315 0.303125 0.361647 0.215427 0.315481 0.170007 0.300091 0.140726
biom_TOT_UCI
 14885.7 21676.4 21622.4 15662 19888.1 22611.4 24857.5 33200 41621.4 43890.4 64823.7 69658 60404.3 64062.6 58317.8 42435.8 81658.2 105670 133274 121411 119640 72546.8 139395 168139 102106 37508.2 65536.6 63020.3 127929 175730 146269 84413.6 96384 69553.9 61073.1 30685.5
biom_TOT_LCI
 6879.66 4587.89 4527.45 6318.68 4866.83 5390.42 8081.25 7879.84 10439.5 20917.4 12540.4 10476.8 10979.4 10652.3 13546.4 24991.6 21797.3 28435.1 34744.6 58856.8 36316.3 39245.5 37894.3 59791 28701.4 23852 19713.4 29696.7 31649.5 53554.4 35438.2 36279.6 27984.6 35718.7 18835 17674.8
yrs_srv
 1984 1987 1990 1993 1996 1999 2001 2003 2005 2007 2009 2011 2013 2015 2017 2019
srv_est
 2141.07 7959.28 42.5699
 1592.17 7859.27 655.464
 15390.8 3251.19 305.49
 7574.24 25912.6 157.99
 3208.97 25041 228.037
 16215.8 15345.1 182.166
 31527.4 -9 246.905
 59854.8 38809.9 79.1284
 15936.1 31973.7 28.8387
 27408.9 135263 87.5321
 11156.8 16536 187.066
 15677.8 25415.2 0
 19307 140874 203.477
 18743.8 32952.7 219.86
 27384.9 26593.4 0
 13313.1 8548.25 152.7
srv_sd
 0.26533 0.248339 0.420889
 0.403433 0.325938 0.292046
 0.440977 0.21384 0.492866
 0.253586 0.24953 0.409952
 0.274785 0.727923 0.400752
 0.132316 0.244571 0.609315
 0.432057 0.832555 0.494596
 0.328533 0.193894 0.637021
 0.314287 0.196436 0.832555
 0.165842 0.401468 0.51429
 0.17215 0.16295 0.359832
 0.316803 0.283739 inf
 0.401124 0.435298 0.444162
 0.393307 0.317891 0.428793
 0.249831 0.27579 inf
 0.186766 0.230701 0.661808
yrs
 1984 1985 1986 1987 1988 1989 1990 1991 1992 1993 1994 1995 1996 1997 1998 1999 2000 2001 2002 2003 2004 2005 2006 2007 2008 2009 2010 2011 2012 2013 2014 2015 2016 2017 2018 2019
LCI
 1293.97 4936.68 29.5338
 811.974 2986.82 45.7056
 779.478 2853.41 95.9876
 1061.85 4104.23 296.844
 1282.85 2225.95 160.037
 2134.66 1827.25 127.596
 4814.03 2465.83 138.126
 3293.74 2690.42 88.63
 3135.46 4880.19 76.043
 4628.26 14243.7 89.5494
 2317.73 8297.54 68.6408
 1850.1 7265.1 73.038
 2310.24 8150.16 108.287
 2423.9 6516.06 72.6254
 4045.29 6674.7 66.5
 12453.4 10319.8 79.0053
 9479.73 7484.48 69.5161
 15220.1 8209.17 86.5276
 15359.5 11579.1 49.4243
 26464.3 26083.6 39.4915
 12785.4 16076.1 27.1945
 11267.5 23523.6 24.4249
 9926.46 21425.3 28.0966
 19052.5 37745 43.6605
 7981.07 15741.5 50.0718
 8513.26 13181.9 89.8076
 5942.04 9907.36 61.0488
 8967.49 16760.2 56.6358
 7048.45 19248.5 64.4634
 9724.98 38359.7 96.437
 7787.22 21563.5 79.8388
 10388.1 20486.9 101.675
 9419.63 12676.3 63.9642
 15958.2 15096.5 51.7069
 8286.5 6636.29 48.8632
 9651.46 6026.05 54.0006
biomA
 2139.98 7915.3 64.4522
 2135.41 7708.5 128.496
 2130.86 7507.11 256.179
 2126.31 7310.98 510.737
 3582.42 5825.85 430.022
 6035.69 4642.41 362.062
 10169 3699.36 304.843
 9142.89 6775.48 256.008
 8220.34 12409.5 214.996
 7390.88 22728.3 180.554
 5939.27 22380.8 191.619
 4772.77 22038.6 203.363
 3835.37 21701.6 215.827
 6181.34 19734.7 207.055
 9962.27 17946 198.639
 16055.9 16319.5 190.566
 21901 20098.7 189.481
 29874 24753.2 188.401
 37427.4 30485.6 135.246
 46890.7 37545.5 97.0878
 30168.1 35666.8 80.8563
 19409.2 33882 67.3385
 22486.3 50112.7 80.4241
 26051.2 74118.3 96.0527
 17511.6 36496.1 127.227
 11771.4 17970.8 168.519
 13486.6 22281 176.002
 15451.9 27625.1 183.817
 16964.7 46474.3 191.979
 18625.6 78184.7 200.504
 19146.9 52644.8 204.853
 19682.8 35447.7 209.296
 22208.3 29529.3 197.607
 25057.9 24599 186.572
 18590.3 15149.8 176.153
 13792 9330.34 166.315
UCI
 3539.11 12691.1 140.655
 5615.92 19894.4 361.254
 5825.12 19750.7 683.711
 4257.84 13023.3 878.751
 10004.1 15247.7 1155.48
 17065.8 11794.8 1027.38
 21480.6 5549.98 672.786
 25379.2 17063.2 739.479
 21551.6 31555.2 607.856
 11802.5 36266.9 364.041
 15219.6 60367.1 534.929
 12312.5 66853.6 566.234
 6367.33 57785.2 430.163
 15763.4 59768.8 590.313
 24533.9 48250.7 593.348
 20700.5 25807.3 459.658
 50597.7 53973 516.469
 58636.5 74638.8 410.217
 91201.6 80262.7 370.091
 83083.1 54044.1 238.685
 71184 79131.1 240.407
 33433.9 48801.7 185.65
 50937.9 117211 230.207
 35620.6 145543 211.315
 38423.2 84614.7 323.27
 16276.4 24499.3 316.218
 30610.7 50108.5 507.409
 26625.1 45533.2 596.597
 40831.8 112209 571.736
 35672.5 159356 416.871
 47077.7 128526 525.616
 37293.7 61333.9 430.83
 52359.6 68788.3 610.477
 39346.3 40082.8 673.199
 41706.2 34585.1 635.033
 19708.8 14446.5 512.23
biomsd
 7.66855 8.97655 4.16592
 7.66641 8.95008 4.8559
 7.66428 8.92361 5.54588
 7.66214 8.89713 6.23585
 8.1838 8.67006 6.06384
 8.70545 8.44299 5.89182
 9.2271 8.21592 5.7198
 9.12073 8.82107 5.54521
 9.01437 9.42622 5.37062
 8.908 10.0314 5.19603
 8.68934 10.016 5.25551
 8.47068 10.0005 5.31499
 8.25202 9.98514 5.37448
 8.72929 9.89013 5.33298
 9.20656 9.79512 5.29149
 9.68383 9.70011 5.25
 9.99429 9.90841 5.24429
 10.3047 10.1167 5.23857
 10.5302 10.325 4.9071
 10.7556 10.5333 4.57562
 10.3145 10.482 4.39267
 9.8735 10.4306 4.20973
 10.0207 10.822 4.38731
 10.1678 11.2134 4.5649
 9.77062 10.505 4.84597
 9.37343 9.7965 5.12705
 9.50946 10.0115 5.1705
 9.64549 10.2265 5.21394
 9.73889 10.7467 5.25739
 9.83229 11.2668 5.30083
 9.8599 10.8713 5.32229
 9.8875 10.4758 5.34375
 10.0082 10.2931 5.28628
 10.1289 10.1105 5.22882
 9.83039 9.62574 5.17135
 9.53184 9.14103 5.11389
biomsd.sd
 0.256674 0.24087 0.398157
 0.49334 0.483731 0.527388
 0.513089 0.493539 0.500846
 0.354272 0.294571 0.276861
 0.523955 0.490879 0.504302
 0.530298 0.475726 0.532116
 0.381535 0.206956 0.403892
 0.520895 0.471232 0.541193
 0.491753 0.476162 0.530265
 0.238809 0.238415 0.357774
 0.480101 0.506246 0.523787
 0.483513 0.566179 0.522456
 0.258629 0.499667 0.351882
 0.477631 0.565361 0.534525
 0.459822 0.504614 0.558311
 0.129634 0.233825 0.449226
 0.427232 0.503993 0.511596
 0.344066 0.563114 0.396996
 0.454423 0.493903 0.513599
 0.291848 0.18584 0.458943
 0.438002 0.406575 0.555948
 0.27746 0.186164 0.517413
 0.417194 0.433521 0.536563
 0.159623 0.344291 0.402271
 0.400915 0.429033 0.475773
 0.165329 0.158113 0.321113
 0.418188 0.413498 0.540215
 0.277614 0.254959 0.600663
 0.448126 0.449726 0.556781
 0.331552 0.363299 0.373441
 0.459009 0.45539 0.480755
 0.326062 0.279731 0.36835
 0.437587 0.431455 0.575489
 0.230211 0.249103 0.654706
 0.41225 0.42114 0.654248
 0.182132 0.223051 0.573923
